position:      26.7596 12.8264 27.2933
orientation:   -0.095006 0.375874 0.0536086 0.920227
field_of_view: 0.785398
